29
010101010
011101110
0100101001010010
0100101101000100
0101101001011010
0110101011010010
0111101011011010
0111101111011110
0100010100010100010100010
0100010100010110010000100
0000100001000010000111110
0110010110110010100000100
0100010100010110010100110
1111000001000011000110010
0100110100010100010110010
0101010100010111010000100
0111010100110111010000100
0110010100110110010100110
0101010110010111110000100
0101110100010111010010100
0100110101010100010111010
0101010111010101110101010
0110110101110110010011100
0110010110110110110100110
0101110100010111010110110
0101010111010111110101110
0100110101010111010111110
0101110111010111110111110
0111110111110111110111110
